2 0.5786458333333333 0.5527777777777778 0.06145833333333333 0.12407407407407407
2 0.5890625 0.39166666666666666 0.03229166666666667 0.08703703703703704
2 0.5408854166666667 0.3472222222222222 0.021354166666666667 0.06111111111111111
2 0.46484375 0.2824074074074074 0.0140625 0.024074074074074074
2 0.24635416666666668 0.3365740740740741 0.030208333333333334 0.06574074074074074
1 0.43359375 0.2652777777777778 0.0234375 0.04722222222222222
1 0.36770833333333336 0.29305555555555557 0.015625 0.026851851851851852
0 0.08411458333333334 0.2273148148148148 0.07239583333333334 0.2675925925925926
0 0.24036458333333333 0.14675925925925926 0.030729166666666665 0.28425925925925927
0 0.3640625 0.1375 0.021875 0.2657407407407407
0 0.5239583333333333 0.15046296296296297 0.01875 0.28425925925925927
0 0.7666666666666667 0.3287037037037037 0.096875 0.6574074074074074
