7 0.07630208333333334 0.29398148148148145 0.05364583333333333 0.07685185185185185
7 0.26067708333333334 0.30972222222222223 0.0359375 0.041666666666666664
7 0.490625 0.29259259259259257 0.04895833333333333 0.07592592592592592
2 0.2716145833333333 0.2564814814814815 0.018229166666666668 0.02962962962962963
2 0.3020833333333333 0.16111111111111112 0.014583333333333334 0.03148148148148148
0 0.07552083333333333 0.17175925925925925 0.030208333333333334 0.16574074074074074
0 0.16510416666666666 0.1925925925925926 0.04375 0.21481481481481482
0 0.1875 0.15462962962962962 0.026041666666666668 0.17407407407407408
0 0.34088541666666666 0.18981481481481483 0.04739583333333333 0.3648148148148148
0 0.4466145833333333 0.14583333333333334 0.0234375 0.287962962962963
0 0.81640625 0.20277777777777778 0.05572916666666667 0.4
