0 0.35651041666666666 0.13796296296296295 0.030729166666666665 0.25
0 0.3927083333333333 0.08796296296296297 0.008333333333333333 0.10740740740740741
0 0.4244791666666667 0.10046296296296296 0.010416666666666666 0.0787037037037037
0 0.7666666666666667 0.22037037037037038 0.0125 0.22037037037037038
0 0.8591145833333333 0.3458333333333333 0.019270833333333334 0.19166666666666668
0 0.5651041666666666 0.14074074074074075 0.010416666666666666 0.18888888888888888
1 0.7684895833333333 0.3314814814814815 0.027604166666666666 0.040740740740740744
2 0.22239583333333332 0.5680555555555555 0.06770833333333333 0.1824074074074074
2 0.8791666666666667 0.4601851851851852 0.014583333333333334 0.018518518518518517
7 0.7645833333333333 0.35 0.017708333333333333 0.03518518518518519
