0 0.14192708333333334 0.1648148148148148 0.011979166666666667 0.1425925925925926
0 0.346875 0.2814814814814815 0.015625 0.31666666666666665
0 0.5200520833333333 0.26851851851851855 0.021354166666666667 0.45555555555555555
0 0.6463541666666667 0.30648148148148147 0.017708333333333333 0.31296296296296294
0 0.665625 0.33240740740740743 0.010416666666666666 0.14074074074074075
0 0.6872395833333333 0.36898148148148147 0.016145833333333335 0.1787037037037037
0 0.7627604166666667 0.32037037037037036 0.015104166666666667 0.24444444444444444
0 0.43828125 0.26990740740740743 0.0140625 0.23055555555555557
2 0.22005208333333334 0.3236111111111111 0.0140625 0.026851851851851852
2 0.8028645833333333 0.49953703703703706 0.018229166666666668 0.04537037037037037
0 0.29296875 0.2300925925925926 0.013020833333333334 0.18796296296296297
