0 0.2234375 0.20277777777777778 0.021875 0.3888888888888889
0 0.24609375 0.17453703703703705 0.019270833333333334 0.3101851851851852
0 0.4825520833333333 0.10231481481481482 0.011979166666666667 0.17685185185185184
0 0.5192708333333333 0.11990740740740741 0.013541666666666667 0.20092592592592592
0 0.7739583333333333 0.13657407407407407 0.015625 0.225
1 0.66015625 0.18518518518518517 0.0234375 0.04259259259259259
1 0.61796875 0.2513888888888889 0.033854166666666664 0.04537037037037037
1 0.4046875 0.3416666666666667 0.028125 0.02962962962962963
1 0.296875 0.2949074074074074 0.03125 0.05462962962962963
2 0.515625 0.225 0.015625 0.03148148148148148
2 0.36666666666666664 0.3560185185185185 0.020833333333333332 0.032407407407407406
