0 0.14895833333333333 0.2587962962962963 0.06041666666666667 0.35648148148148145
0 0.328125 0.15231481481481482 0.022916666666666665 0.18796296296296297
0 0.42916666666666664 0.21851851851851853 0.027083333333333334 0.36666666666666664
0 0.5760416666666667 0.1699074074074074 0.020833333333333332 0.2916666666666667
0 0.6106770833333334 0.19953703703703704 0.0140625 0.23981481481481481
0 0.24661458333333333 0.10277777777777777 0.019270833333333334 0.14814814814814814
1 0.19322916666666667 0.30833333333333335 0.041666666666666664 0.06851851851851852
1 0.7692708333333333 0.6925925925925925 0.14791666666666667 0.2222222222222222
1 0.10182291666666667 0.37546296296296294 0.06302083333333333 0.08055555555555556
2 0.46953125 0.37962962962962965 0.021354166666666667 0.05555555555555555
2 0.48984375 0.45 0.016145833333333335 0.05925925925925926
7 0.37421875 0.21203703703703702 0.0203125 0.037037037037037035
7 0.2078125 0.4486111111111111 0.057291666666666664 0.09907407407407408
7 0.8015625 0.5083333333333333 0.041666666666666664 0.08333333333333333
