0 0.25807291666666665 0.14074074074074075 0.03697916666666667 0.2722222222222222
0 0.40677083333333336 0.06481481481481481 0.015625 0.11296296296296296
0 0.60234375 0.1337962962962963 0.022395833333333334 0.25277777777777777
0 0.62578125 0.10972222222222222 0.018229166666666668 0.20277777777777778
1 0.39791666666666664 0.13935185185185187 0.036458333333333336 0.0712962962962963
1 0.315625 0.2361111111111111 0.06458333333333334 0.13333333333333333
2 0.45078125 0.4388888888888889 0.0484375 0.10185185185185185
2 0.15286458333333333 0.23564814814814813 0.022395833333333334 0.032407407407407406
2 0.016145833333333335 0.5564814814814815 0.03229166666666667 0.21296296296296297
0 0.16171875 0.14722222222222223 0.025520833333333333 0.1925925925925926
