7 0.9427083333333334 0.6606481481481481 0.03125 0.05648148148148148
2 0.51875 0.5328703703703703 0.016666666666666666 0.026851851851851852
2 0.18177083333333333 0.4638888888888889 0.015625 0.025925925925925925
2 0.2604166666666667 0.5967592592592592 0.0125 0.028703703703703703
2 0.27109375 0.425 0.005729166666666666 0.020370370370370372
2 0.13203125 0.4462962962962963 0.011979166666666667 0.03333333333333333
2 0.8013020833333333 0.4115740740740741 0.013020833333333334 0.028703703703703703
0 0.26145833333333335 0.4625 0.022916666666666665 0.19537037037037036
0 0.3359375 0.36527777777777776 0.025 0.5601851851851852
0 0.45208333333333334 0.23055555555555557 0.013541666666666667 0.4388888888888889
0 0.6651041666666667 0.412962962962963 0.028125 0.5351851851851852
0 0.7192708333333333 0.5337962962962963 0.010416666666666666 0.1712962962962963
