0 0.825 0.1527777777777778 0.015625 0.1814814814814815
0 0.6674479166666667 0.2023148148148148 0.0234375 0.3768518518518518
0 0.6466145833333333 0.30462962962962964 0.018229166666666668 0.16296296296296298
0 0.6041666666666666 0.1986111111111111 0.025 0.38055555555555554
0 0.46510416666666665 0.22916666666666666 0.026041666666666668 0.2935185185185185
0 0.39869791666666665 0.23055555555555557 0.015104166666666667 0.34444444444444444
0 0.13385416666666666 0.27175925925925926 0.021875 0.2861111111111111
0 0.07682291666666667 0.2759259259259259 0.0453125 0.3925925925925926
1 0.16197916666666667 0.44351851851851853 0.040625 0.07222222222222222
2 0.36770833333333336 0.37916666666666665 0.008333333333333333 0.023148148148148147
2 0.4895833333333333 0.38287037037037036 0.0125 0.021296296296296296
2 0.5408854166666667 0.3837962962962963 0.0171875 0.03796296296296296
