0 0.6291666666666667 0.12407407407407407 0.03958333333333333 0.22777777777777777
0 0.45390625 0.125 0.0171875 0.19074074074074074
0 0.4861979166666667 0.09861111111111111 0.018229166666666668 0.1824074074074074
0 0.5651041666666666 0.12083333333333333 0.025 0.16574074074074074
0 0.3151041666666667 0.0587962962962963 0.019791666666666666 0.09537037037037037
0 0.11588541666666667 0.21666666666666667 0.0453125 0.22037037037037038
2 0.6010416666666667 0.20092592592592592 0.029166666666666667 0.07407407407407407
2 0.4666666666666667 0.19305555555555556 0.020833333333333332 0.058333333333333334
2 0.27838541666666666 0.044444444444444446 0.0171875 0.03888888888888889
1 0.6768229166666667 0.11435185185185186 0.04010416666666667 0.08796296296296297
1 0.5338541666666666 0.13148148148148148 0.028125 0.06851851851851852
1 0.31744791666666666 0.2175925925925926 0.04739583333333333 0.09074074074074075
