0 0.73828125 0.25833333333333336 0.0546875 0.4962962962962963
0 0.46145833333333336 0.2449074074074074 0.022916666666666665 0.4101851851851852
0 0.4171875 0.27175925925925926 0.013541666666666667 0.3509259259259259
0 0.359375 0.3189814814814815 0.009375 0.25277777777777777
0 0.17838541666666666 0.28703703703703703 0.024479166666666666 0.44074074074074077
0 0.10234375 0.30324074074074076 0.013020833333333334 0.225
0 0.23098958333333333 0.30462962962962964 0.008854166666666666 0.2074074074074074
1 0.12552083333333333 0.4671296296296296 0.08333333333333333 0.08611111111111111
9 0.490625 0.41435185185185186 0.016666666666666666 0.04537037037037037
0 0.7760416666666666 0.15 0.020833333333333332 0.2777777777777778
