0 0.7697916666666667 0.49074074074074076 0.08541666666666667 0.8407407407407408
0 0.525 0.29305555555555557 0.020833333333333332 0.20092592592592592
0 0.45234375 0.33564814814814814 0.06302083333333333 0.6212962962962963
0 0.23125 0.35324074074074074 0.07291666666666667 0.6194444444444445
0 0.10182291666666667 0.4583333333333333 0.1203125 0.6796296296296296
1 0.6427083333333333 0.674074074074074 0.07083333333333333 0.12037037037037036
1 0.2171875 0.8305555555555556 0.084375 0.10185185185185185
2 0.31692708333333336 0.6370370370370371 0.030729166666666665 0.06111111111111111
2 0.3260416666666667 0.28379629629629627 0.015625 0.026851851851851852
2 0.5911458333333334 0.3375 0.014583333333333334 0.04351851851851852
7 0.5669270833333333 0.6842592592592592 0.044270833333333336 0.07777777777777778
7 0.9809895833333333 0.6046296296296296 0.03697916666666667 0.05185185185185185
0 0.28229166666666666 0.2763888888888889 0.017708333333333333 0.10833333333333334
0 0.3026041666666667 0.26342592592592595 0.013541666666666667 0.075
