1 0.7216145833333333 0.3680555555555556 0.10364583333333334 0.1527777777777778
1 0.17291666666666666 0.38055555555555554 0.058333333333333334 0.08703703703703704
1 0.44921875 0.25277777777777777 0.0484375 0.08333333333333333
2 0.57734375 0.3537037037037037 0.04114583333333333 0.08703703703703704
2 0.3671875 0.32407407407407407 0.019791666666666666 0.053703703703703705
2 0.14739583333333334 0.175 0.026041666666666668 0.053703703703703705
0 0.1828125 0.14305555555555555 0.03854166666666667 0.16944444444444445
0 0.3489583333333333 0.19305555555555556 0.019791666666666666 0.33611111111111114
0 0.3893229166666667 0.1875 0.033854166666666664 0.2361111111111111
0 0.4921875 0.16898148148148148 0.021875 0.23981481481481481
0 0.62578125 0.21064814814814814 0.06614583333333333 0.41574074074074074
0 0.51953125 0.10555555555555556 0.0171875 0.1425925925925926
