0 0.17916666666666667 0.19305555555555556 0.01875 0.2564814814814815
0 0.265625 0.22824074074074074 0.0125 0.31574074074074077
0 0.5036458333333333 0.19074074074074074 0.008333333333333333 0.337037037037037
0 0.5565104166666667 0.25324074074074077 0.0140625 0.3824074074074074
0 0.6182291666666667 0.22592592592592592 0.0125 0.40185185185185185
0 0.6893229166666667 0.2791666666666667 0.016145833333333335 0.462037037037037
0 0.778125 0.2652777777777778 0.016666666666666666 0.4398148148148148
0 0.8244791666666667 0.3314814814814815 0.015625 0.34074074074074073
1 0.23932291666666666 0.36157407407407405 0.0421875 0.06388888888888888
1 0.6528645833333333 0.5083333333333333 0.07552083333333333 0.09814814814814815
2 0.6778645833333333 0.4949074074074074 0.018229166666666668 0.03981481481481482
2 0.44244791666666666 0.3421296296296296 0.008854166666666666 0.025
7 0.7052083333333333 0.5837962962962963 0.09791666666666667 0.11018518518518519
