7 0.04739583333333333 0.45555555555555555 0.09375 0.22037037037037038
7 0.3653645833333333 0.4111111111111111 0.04114583333333333 0.06111111111111111
7 0.5955729166666667 0.41574074074074074 0.044270833333333336 0.07592592592592592
0 0.28489583333333335 0.21203703703703702 0.030208333333333334 0.3925925925925926
0 0.20078125 0.1814814814814815 0.021354166666666667 0.2574074074074074
0 0.6489583333333333 0.1962962962962963 0.020833333333333332 0.3648148148148148
0 0.5348958333333333 0.21898148148148147 0.019791666666666666 0.3453703703703704
0 0.390625 0.22916666666666666 0.015625 0.3509259259259259
1 0.5604166666666667 0.45416666666666666 0.06666666666666667 0.08425925925925926
0 0.759375 0.1875 0.028125 0.35833333333333334
