0 0.059895833333333336 0.23472222222222222 0.030208333333333334 0.2824074074074074
0 0.1328125 0.23796296296296296 0.026041666666666668 0.3055555555555556
0 0.25546875 0.22268518518518518 0.016145833333333335 0.41759259259259257
0 0.359375 0.22777777777777777 0.058333333333333334 0.4351851851851852
0 0.45286458333333335 0.23981481481481481 0.0328125 0.4462962962962963
0 0.5395833333333333 0.3138888888888889 0.015625 0.17222222222222222
0 0.6013020833333333 0.2462962962962963 0.021354166666666667 0.4074074074074074
0 0.7109375 0.26342592592592595 0.05625 0.5064814814814815
0 0.8286458333333333 0.2740740740740741 0.034375 0.40185185185185185
2 0.49895833333333334 0.40879629629629627 0.0125 0.041666666666666664
2 0.68046875 0.40925925925925927 0.018229166666666668 0.02962962962962963
2 0.36302083333333335 0.4115740740740741 0.0125 0.025
2 0.475 0.36666666666666664 0.013541666666666667 0.024074074074074074
7 0.5338541666666666 0.43472222222222223 0.027083333333333334 0.058333333333333334
7 0.65625 0.4597222222222222 0.026041666666666668 0.041666666666666664
7 0.8153645833333333 0.4842592592592593 0.03802083333333333 0.06111111111111111
