2 0.20651041666666667 0.2763888888888889 0.11197916666666667 0.18796296296296297
2 0.3875 0.2652777777777778 0.016666666666666666 0.04351851851851852
2 0.49973958333333335 0.2865740740740741 0.019270833333333334 0.032407407407407406
2 0.9065104166666667 0.6796296296296296 0.0359375 0.07407407407407407
0 0.8622395833333333 0.4587962962962963 0.030729166666666665 0.42314814814814816
0 0.7140625 0.3162037037037037 0.041666666666666664 0.6324074074074074
0 0.5119791666666667 0.22546296296296298 0.0125 0.1398148148148148
0 0.36223958333333334 0.15092592592592594 0.025520833333333333 0.19074074074074074
1 0.14192708333333334 0.09259259259259259 0.1109375 0.14629629629629629
1 0.6533854166666667 0.5898148148148148 0.03802083333333333 0.07037037037037037
0 0.83125 0.40185185185185185 0.022916666666666665 0.15555555555555556
1 0.8971354166666666 0.562037037037037 0.03802083333333333 0.05185185185185185
