2 0.2682291666666667 0.44907407407407407 0.009375 0.027777777777777776
2 0.9221354166666667 0.49027777777777776 0.10989583333333333 0.24166666666666667
0 0.08411458333333334 0.30833333333333335 0.0140625 0.24259259259259258
0 0.13020833333333334 0.34444444444444444 0.016666666666666666 0.2074074074074074
0 0.31614583333333335 0.21898148148148147 0.01875 0.41574074074074074
0 0.3776041666666667 0.26064814814814813 0.014583333333333334 0.2064814814814815
0 0.5151041666666667 0.26666666666666666 0.019791666666666666 0.17407407407407408
0 0.53125 0.175 0.014583333333333334 0.32407407407407407
0 0.6721354166666667 0.20879629629629629 0.03177083333333333 0.3490740740740741
0 0.796875 0.1587962962962963 0.022916666666666665 0.2601851851851852
0 0.86796875 0.2412037037037037 0.05364583333333333 0.41388888888888886
