2 0.42239583333333336 0.44583333333333336 0.059375 0.1361111111111111
1 0.68203125 0.26435185185185184 0.10260416666666666 0.175
1 0.459375 0.32037037037037036 0.125 0.1574074074074074
0 0.13515625 0.1259259259259259 0.03697916666666667 0.08518518518518518
0 0.2625 0.055092592592592596 0.025 0.08425925925925926
0 0.3515625 0.33240740740740743 0.0625 0.6259259259259259
0 0.54921875 0.18888888888888888 0.0453125 0.37222222222222223
0 0.79609375 0.09212962962962963 0.030729166666666665 0.14166666666666666
7 0.3106770833333333 0.0699074074074074 0.025520833333333333 0.05462962962962963
7 0.6421875 0.3282407407407407 0.053125 0.09351851851851851
