0 0.18567708333333333 0.1125 0.0265625 0.10277777777777777
0 0.2526041666666667 0.09907407407407408 0.03229166666666667 0.16666666666666666
0 0.4953125 0.13518518518518519 0.019791666666666666 0.16296296296296298
0 0.58203125 0.2125 0.022395833333333334 0.38055555555555554
0 0.7401041666666667 0.13148148148148148 0.026041666666666668 0.22592592592592592
0 0.8424479166666666 0.350462962962963 0.0640625 0.4527777777777778
7 0.60625 0.36203703703703705 0.01875 0.06296296296296296
7 0.47552083333333334 0.22175925925925927 0.022916666666666665 0.05092592592592592
2 0.371875 0.14166666666666666 0.016666666666666666 0.025925925925925925
2 0.4205729166666667 0.07592592592592592 0.0171875 0.02962962962962963
2 0.66015625 0.39675925925925926 0.0234375 0.06574074074074074
2 0.815625 0.30833333333333335 0.025 0.05925925925925926
2 0.5450520833333333 0.20555555555555555 0.019270833333333334 0.046296296296296294
1 0.54609375 0.3958333333333333 0.044270833333333336 0.07314814814814814
1 0.5145833333333333 0.31712962962962965 0.03333333333333333 0.04537037037037037
1 0.46822916666666664 0.19537037037037036 0.021875 0.027777777777777776
