0 0.16927083333333334 0.16342592592592592 0.046875 0.30092592592592593
0 0.49947916666666664 0.1675925925925926 0.026041666666666668 0.3037037037037037
2 0.6723958333333333 0.3527777777777778 0.040625 0.09444444444444444
2 0.4205729166666667 0.29398148148148145 0.0296875 0.03425925925925926
1 0.35911458333333335 0.3125 0.025520833333333333 0.03425925925925926
2 0.0203125 0.32037037037037036 0.036458333333333336 0.07222222222222222
2 0.7833333333333333 0.23657407407407408 0.010416666666666666 0.032407407407407406
0 0.5635416666666667 0.1310185185185185 0.016666666666666666 0.19907407407407407
0 0.5963541666666666 0.14305555555555555 0.013541666666666667 0.2064814814814815
0 0.76640625 0.1300925925925926 0.013020833333333334 0.22314814814814815
0 0.24192708333333332 0.19444444444444445 0.0265625 0.24259259259259258
2 0.26145833333333335 0.2111111111111111 0.010416666666666666 0.02962962962962963
