0 0.18645833333333334 0.1865740740740741 0.065625 0.3509259259259259
0 0.23723958333333334 0.07361111111111111 0.016145833333333335 0.11388888888888889
0 0.30963541666666666 0.09398148148148149 0.016145833333333335 0.1675925925925926
0 0.34791666666666665 0.16712962962962963 0.034375 0.325
0 0.49765625 0.13842592592592592 0.0203125 0.2657407407407407
0 0.5276041666666667 0.13055555555555556 0.013541666666666667 0.24444444444444444
0 0.7627604166666667 0.16435185185185186 0.025520833333333333 0.3138888888888889
2 0.29765625 0.48148148148148145 0.09114583333333333 0.20185185185185187
2 0.5302083333333333 0.32731481481481484 0.029166666666666667 0.058333333333333334
2 0.5861979166666667 0.2962962962962963 0.0203125 0.046296296296296294
2 0.7052083333333333 0.43703703703703706 0.057291666666666664 0.10740740740740741
2 0.5377604166666666 0.24537037037037038 0.0140625 0.03518518518518519
1 0.3984375 0.26342592592592595 0.03125 0.05648148148148148
2 0.09635416666666667 0.13055555555555556 0.019791666666666666 0.053703703703703705
0 0.8942708333333333 0.2199074074074074 0.10625 0.4083333333333333
