0 0.29583333333333334 0.2662037037037037 0.090625 0.5287037037037037
0 0.43828125 0.2490740740740741 0.021354166666666667 0.3851851851851852
0 0.4700520833333333 0.24259259259259258 0.019270833333333334 0.37962962962962965
0 0.4875 0.2412037037037037 0.0125 0.13425925925925927
0 0.6518229166666667 0.16898148148148148 0.0109375 0.32314814814814813
0 0.7036458333333333 0.20601851851851852 0.015625 0.36944444444444446
0 0.6171875 0.24768518518518517 0.015625 0.12685185185185185
0 0.1921875 0.22361111111111112 0.015625 0.3453703703703704
0 0.21770833333333334 0.2462962962962963 0.008333333333333333 0.2740740740740741
1 0.8416666666666667 0.35462962962962963 0.07291666666666667 0.1259259259259259
1 0.76171875 0.5875 0.0546875 0.10277777777777777
2 0.68359375 0.45555555555555555 0.03802083333333333 0.08518518518518518
0 0.3690104166666667 0.25601851851851853 0.009895833333333333 0.25833333333333336
3 0.571875 0.5425925925925926 0.04895833333333333 0.09814814814814815
9 0.5510416666666667 0.4337962962962963 0.020833333333333332 0.04351851851851852
