2 0.5375 0.225 0.01875 0.03148148148148148
2 0.30833333333333335 0.42407407407407405 0.025 0.04814814814814815
1 0.6755208333333333 0.2587962962962963 0.03854166666666667 0.06759259259259259
1 0.7252604166666666 0.16296296296296298 0.0296875 0.04814814814814815
1 0.796875 0.10138888888888889 0.019791666666666666 0.032407407407407406
1 0.534375 0.1398148148148148 0.04375 0.053703703703703705
1 0.35833333333333334 0.41574074074074074 0.04895833333333333 0.053703703703703705
1 0.2520833333333333 0.3162037037037037 0.04791666666666667 0.06574074074074074
0 0.103125 0.2828703703703704 0.041666666666666664 0.38981481481481484
0 0.18463541666666666 0.20879629629629629 0.0265625 0.2953703703703704
0 0.49583333333333335 0.10324074074074074 0.014583333333333334 0.1675925925925926
0 0.5408854166666667 0.10694444444444444 0.0140625 0.20462962962962963
0 0.63515625 0.09166666666666666 0.011979166666666667 0.15
