0 0.5109375 0.25462962962962965 0.017708333333333333 0.5
0 0.6299479166666667 0.3013888888888889 0.030729166666666665 0.5231481481481481
0 0.8044270833333333 0.3060185185185185 0.0265625 0.41203703703703703
0 0.7752604166666667 0.34814814814814815 0.013020833333333334 0.22592592592592592
0 0.528125 0.33240740740740743 0.0125 0.2037037037037037
0 0.3580729166666667 0.23564814814814813 0.0140625 0.1398148148148148
0 0.19375 0.1787037037037037 0.013541666666666667 0.1685185185185185
2 0.6018229166666667 0.5467592592592593 0.027604166666666666 0.06018518518518518
2 0.42265625 0.39444444444444443 0.013020833333333334 0.027777777777777776
2 0.19375 0.2537037037037037 0.010416666666666666 0.024074074074074074
0 0.4783854166666667 0.29907407407407405 0.013020833333333334 0.18888888888888888
