7 0.7447916666666666 0.3921296296296296 0.040625 0.062037037037037036
7 0.5020833333333333 0.4449074074074074 0.035416666666666666 0.06388888888888888
2 0.628125 0.4185185185185185 0.03125 0.07037037037037037
2 0.5583333333333333 0.25601851851851853 0.014583333333333334 0.030555555555555555
2 0.37578125 0.2518518518518518 0.018229166666666668 0.037037037037037035
2 0.30833333333333335 0.33055555555555555 0.016666666666666666 0.02962962962962963
1 0.4625 0.399537037037037 0.028125 0.05277777777777778
1 0.5869791666666667 0.2439814814814815 0.030208333333333334 0.058333333333333334
1 0.6734375 0.6810185185185185 0.078125 0.08055555555555556
0 0.05625 0.362962962962963 0.1 0.5592592592592592
0 0.11354166666666667 0.20462962962962963 0.028125 0.2111111111111111
0 0.35651041666666666 0.1449074074074074 0.021354166666666667 0.25092592592592594
0 0.45208333333333334 0.20462962962962963 0.020833333333333332 0.24444444444444444
0 0.5252604166666667 0.22962962962962963 0.028645833333333332 0.43148148148148147
0 0.6395833333333333 0.11666666666666667 0.014583333333333334 0.20185185185185187
0 0.8036458333333333 0.11944444444444445 0.023958333333333335 0.20185185185185187
4 0.3109375 0.24675925925925926 0.015625 0.04351851851851852
3 0.21744791666666666 0.324537037037037 0.034895833333333334 0.03796296296296296
