0 0.17942708333333332 0.16296296296296298 0.025520833333333333 0.2037037037037037
0 0.43723958333333335 0.2263888888888889 0.019270833333333334 0.4212962962962963
0 0.6223958333333334 0.3351851851851852 0.021875 0.6648148148148149
0 0.8515625 0.2972222222222222 0.036458333333333336 0.43333333333333335
0 0.8078125 0.3282407407407407 0.019791666666666666 0.287962962962963
0 0.7078125 0.30092592592592593 0.020833333333333332 0.12037037037037036
2 0.12916666666666668 0.3523148148148148 0.025 0.04537037037037037
2 0.390625 0.3958333333333333 0.016666666666666666 0.013888888888888888
2 0.415625 0.36203703703703705 0.0125 0.037037037037037035
2 0.6932291666666667 0.475 0.017708333333333333 0.03148148148148148
2 0.6822916666666666 0.33240740740740743 0.011458333333333333 0.027777777777777776
7 0.7916666666666666 0.4842592592592593 0.042708333333333334 0.05185185185185185
