0 0.60078125 0.16666666666666666 0.016145833333333335 0.2796296296296296
0 0.6234375 0.24722222222222223 0.015625 0.1259259259259259
0 0.8 0.13055555555555556 0.016666666666666666 0.13703703703703704
0 0.5080729166666667 0.19814814814814816 0.0203125 0.32592592592592595
0 0.4817708333333333 0.1726851851851852 0.019791666666666666 0.2064814814814815
0 0.40598958333333335 0.1361111111111111 0.016145833333333335 0.22777777777777777
0 0.3359375 0.15416666666666667 0.014583333333333334 0.27685185185185185
0 0.26458333333333334 0.10092592592592593 0.0125 0.1685185185185185
1 0.49140625 0.4101851851851852 0.10572916666666667 0.14074074074074075
2 0.7205729166666667 0.34305555555555556 0.013020833333333334 0.03796296296296296
7 0.74765625 0.6847222222222222 0.2140625 0.3138888888888889
