0 0.16875 0.1125 0.03958333333333333 0.21944444444444444
0 0.3528645833333333 0.10740740740740741 0.0171875 0.19444444444444445
0 0.6291666666666667 0.3365740740740741 0.03333333333333333 0.5712962962962963
0 0.7138020833333333 0.3074074074074074 0.021354166666666667 0.2111111111111111
0 0.7854166666666667 0.4287037037037037 0.03125 0.412962962962963
1 0.5971354166666667 0.7106481481481481 0.1234375 0.1935185185185185
2 0.20729166666666668 0.21574074074074073 0.025 0.05
2 0.34427083333333336 0.19953703703703704 0.015625 0.030555555555555555
2 0.8361979166666667 0.6527777777777778 0.03802083333333333 0.07222222222222222
1 0.8041666666666667 0.4935185185185185 0.03333333333333333 0.07592592592592592
