0 0.11302083333333333 0.24074074074074073 0.022916666666666665 0.32222222222222224
0 0.18177083333333333 0.25787037037037036 0.020833333333333332 0.41759259259259257
0 0.20364583333333333 0.3013888888888889 0.021875 0.14722222222222223
0 0.3963541666666667 0.24212962962962964 0.028125 0.44166666666666665
0 0.5096354166666667 0.24166666666666667 0.0203125 0.34814814814814815
0 0.596875 0.15416666666666667 0.008333333333333333 0.2212962962962963
0 0.48489583333333336 0.21342592592592594 0.010416666666666666 0.2175925925925926
0 0.70234375 0.22268518518518518 0.009895833333333333 0.1935185185185185
0 0.778125 0.20925925925925926 0.027083333333333334 0.34444444444444444
1 0.89921875 0.3490740740740741 0.08489583333333334 0.10740740740740741
2 0.5627604166666667 0.47962962962962963 0.0421875 0.07407407407407407
9 0.5864583333333333 0.4162037037037037 0.01875 0.04537037037037037
