0 0.06953125 0.22268518518518518 0.03697916666666667 0.2638888888888889
0 0.1875 0.13287037037037036 0.04375 0.2601851851851852
0 0.28802083333333334 0.15833333333333333 0.01875 0.21481481481481482
0 0.36822916666666666 0.17314814814814813 0.019791666666666666 0.3296296296296296
0 0.6666666666666666 0.20416666666666666 0.05416666666666667 0.3972222222222222
0 0.5822916666666667 0.14074074074074075 0.03125 0.25925925925925924
0 0.5033854166666667 0.18055555555555555 0.0265625 0.3351851851851852
2 0.8927083333333333 0.5375 0.08854166666666667 0.1787037037037037
2 0.5950520833333334 0.25324074074074077 0.011979166666666667 0.030555555555555555
2 0.5518229166666667 0.2388888888888889 0.015104166666666667 0.027777777777777776
0 0.2557291666666667 0.13796296296296295 0.021875 0.2537037037037037
4 0.7106770833333333 0.2199074074074074 0.015104166666666667 0.049074074074074076
