0 0.26119791666666664 0.4722222222222222 0.0171875 0.15
0 0.3375 0.3476851851851852 0.01875 0.6138888888888889
0 0.44947916666666665 0.21712962962962962 0.0125 0.3972222222222222
0 0.6630208333333333 0.38101851851851853 0.028125 0.5694444444444444
0 0.7213541666666666 0.5185185185185185 0.011458333333333333 0.2
2 0.134375 0.44907407407407407 0.0125 0.027777777777777776
2 0.18333333333333332 0.4625 0.016666666666666666 0.028703703703703703
2 0.26536458333333335 0.5981481481481481 0.016145833333333335 0.027777777777777776
2 0.7921875 0.5120370370370371 0.013541666666666667 0.020370370370370372
2 0.5158854166666667 0.5277777777777778 0.016145833333333335 0.027777777777777776
2 0.8044270833333333 0.4125 0.009895833333333333 0.026851851851851852
7 0.9489583333333333 0.6662037037037037 0.027083333333333334 0.04722222222222222
