2 0.7536458333333333 0.675 0.11770833333333333 0.2574074074074074
2 0.759375 0.44351851851851853 0.023958333333333335 0.06666666666666667
2 0.6682291666666667 0.36203703703703705 0.017708333333333333 0.03888888888888889
1 0.4315104166666667 0.3773148148148148 0.06614583333333333 0.08611111111111111
0 0.25833333333333336 0.27870370370370373 0.08541666666666667 0.5518518518518518
0 0.3541666666666667 0.1337962962962963 0.020833333333333332 0.25833333333333336
0 0.37734375 0.14074074074074075 0.0140625 0.26666666666666666
0 0.484375 0.14722222222222223 0.011458333333333333 0.2722222222222222
0 0.6135416666666667 0.19953703703703704 0.03333333333333333 0.3990740740740741
0 0.6559895833333333 0.16666666666666666 0.019270833333333334 0.3
