2 0.6591145833333333 0.2050925925925926 0.0140625 0.030555555555555555
0 0.25 0.16064814814814815 0.027083333333333334 0.3212962962962963
0 0.35234375 0.08101851851851852 0.011979166666666667 0.1175925925925926
0 0.42265625 0.2388888888888889 0.05260416666666667 0.4444444444444444
0 0.46979166666666666 0.21712962962962962 0.023958333333333335 0.33796296296296297
0 0.5041666666666667 0.1486111111111111 0.01875 0.2212962962962963
0 0.6434895833333333 0.12222222222222222 0.016145833333333335 0.2074074074074074
0 0.7838541666666666 0.18333333333333332 0.03125 0.32407407407407407
1 0.3614583333333333 0.3541666666666667 0.06770833333333333 0.15462962962962962
1 0.49661458333333336 0.44027777777777777 0.0921875 0.09907407407407408
4 0.6770833333333334 0.18703703703703703 0.0125 0.03518518518518519
