0 0.9145833333333333 0.5138888888888888 0.03333333333333333 0.2222222222222222
0 0.78671875 0.1287037037037037 0.0203125 0.2351851851851852
0 0.6161458333333333 0.29074074074074074 0.023958333333333335 0.3037037037037037
0 0.146875 0.32731481481481484 0.022916666666666665 0.2638888888888889
0 0.25338541666666664 0.34120370370370373 0.016145833333333335 0.19537037037037036
0 0.31197916666666664 0.35648148148148145 0.020833333333333332 0.21481481481481482
0 0.27890625 0.2898148148148148 0.0109375 0.09074074074074075
0 0.41067708333333336 0.22407407407407406 0.0734375 0.40925925925925927
0 0.5518229166666667 0.2587962962962963 0.016145833333333335 0.09537037037037037
1 0.71328125 0.5324074074074074 0.05260416666666667 0.07777777777777778
7 0.534375 0.5435185185185185 0.041666666666666664 0.07222222222222222
4 0.6572916666666667 0.2412037037037037 0.014583333333333334 0.049074074074074076
0 0.8635416666666667 0.06527777777777778 0.0125 0.10462962962962963
