2 0.696875 0.6703703703703704 0.034375 0.06851851851851852
7 0.73359375 0.5453703703703704 0.0390625 0.05185185185185185
0 0.2015625 0.3416666666666667 0.06354166666666666 0.5666666666666667
0 0.30885416666666665 0.26342592592592595 0.029166666666666667 0.36203703703703705
0 0.40598958333333335 0.21435185185185185 0.03697916666666667 0.4083333333333333
0 0.50625 0.19583333333333333 0.014583333333333334 0.35462962962962963
0 0.6885416666666667 0.39814814814814814 0.022916666666666665 0.30925925925925923
0 0.803125 0.46435185185185185 0.05416666666666667 0.5120370370370371
1 0.4515625 0.287962962962963 0.034375 0.05740740740740741
1 0.5786458333333333 0.45416666666666666 0.041666666666666664 0.0712962962962963
1 0.39401041666666664 0.4356481481481482 0.033854166666666664 0.062037037037037036
