3 0.37890625 0.24212962962962964 0.0328125 0.03981481481481482
4 0.5208333333333334 0.17453703703703705 0.021875 0.05277777777777778
0 0.13072916666666667 0.12314814814814815 0.026041666666666668 0.08518518518518518
0 0.3098958333333333 0.125 0.020833333333333332 0.2388888888888889
0 0.5755208333333334 0.1050925925925926 0.019791666666666666 0.19907407407407407
0 0.6901041666666666 0.18055555555555555 0.026041666666666668 0.17962962962962964
0 0.8091145833333333 0.19166666666666668 0.049479166666666664 0.35555555555555557
1 0.703125 0.34629629629629627 0.041666666666666664 0.05925925925925926
2 0.5989583333333334 0.19814814814814816 0.020833333333333332 0.04259259259259259
7 0.7669270833333334 0.38842592592592595 0.06614583333333333 0.10833333333333334
