2 0.38333333333333336 0.4287037037037037 0.025 0.05925925925925926
2 0.4979166666666667 0.3824074074074074 0.01875 0.046296296296296294
2 0.6825520833333333 0.3472222222222222 0.016145833333333335 0.03333333333333333
2 0.7442708333333333 0.33055555555555555 0.010416666666666666 0.024074074074074074
2 0.8578125 0.4152777777777778 0.013541666666666667 0.032407407407407406
0 0.5049479166666667 0.2851851851851852 0.0203125 0.20185185185185187
0 0.5942708333333333 0.17037037037037037 0.015625 0.20185185185185187
0 0.7338541666666667 0.19212962962962962 0.030208333333333334 0.18425925925925926
0 0.8700520833333333 0.38796296296296295 0.016145833333333335 0.17962962962962964
0 0.9484375 0.5912037037037037 0.021875 0.10833333333333334
