0 0.875 0.27870370370370373 0.05625 0.5407407407407407
0 0.6526041666666667 0.21388888888888888 0.028125 0.4074074074074074
0 0.3265625 0.22916666666666666 0.029166666666666667 0.4305555555555556
0 0.25625 0.21666666666666667 0.017708333333333333 0.412962962962963
0 0.07552083333333333 0.24259259259259258 0.020833333333333332 0.30925925925925923
2 0.0140625 0.5722222222222222 0.023958333333333335 0.1037037037037037
2 0.0984375 0.5444444444444444 0.040625 0.07592592592592592
2 0.40677083333333336 0.5013888888888889 0.03125 0.075
2 0.69609375 0.7467592592592592 0.13697916666666668 0.30833333333333335
0 0.43463541666666666 0.2023148148148148 0.027604166666666666 0.3787037037037037
