2 0.18489583333333334 0.4601851851851852 0.06145833333333333 0.1259259259259259
2 0.7526041666666666 0.4050925925925926 0.015625 0.032407407407407406
2 0.7838541666666666 0.3685185185185185 0.014583333333333334 0.03518518518518519
0 0.065625 0.2800925925925926 0.13125 0.5324074074074074
0 0.3380208333333333 0.2564814814814815 0.026041666666666668 0.26481481481481484
0 0.4109375 0.19074074074074074 0.011458333333333333 0.2037037037037037
0 0.590625 0.16574074074074074 0.016666666666666666 0.2037037037037037
0 0.8010416666666667 0.2773148148148148 0.022916666666666665 0.425
0 0.9580729166666667 0.6212962962962963 0.030729166666666665 0.16111111111111112
0 0.2520833333333333 0.22592592592592592 0.0125 0.08333333333333333
