1 0.6955729166666667 0.4791666666666667 0.0421875 0.062037037037037036
0 0.7661458333333333 0.38287037037037036 0.010416666666666666 0.21944444444444444
0 0.92109375 0.5296296296296297 0.0109375 0.1259259259259259
0 0.7184895833333333 0.31296296296296294 0.015104166666666667 0.3111111111111111
0 0.6591145833333333 0.42824074074074076 0.0109375 0.1638888888888889
0 0.55390625 0.37592592592592594 0.011979166666666667 0.1925925925925926
0 0.42083333333333334 0.2638888888888889 0.020833333333333332 0.45740740740740743
0 0.46458333333333335 0.3287037037037037 0.013541666666666667 0.1537037037037037
0 0.19921875 0.23981481481481481 0.0328125 0.34629629629629627
0 0.1265625 0.2763888888888889 0.019791666666666666 0.15092592592592594
7 0.8028645833333333 0.5296296296296297 0.0515625 0.06111111111111111
