0 0.54765625 0.2712962962962963 0.0140625 0.43703703703703706
0 0.8346354166666666 0.28935185185185186 0.022395833333333334 0.4287037037037037
0 0.809375 0.09907407407407408 0.014583333333333334 0.14444444444444443
0 0.7723958333333333 0.13472222222222222 0.011458333333333333 0.10462962962962963
0 0.39401041666666664 0.25601851851851853 0.015104166666666667 0.44351851851851853
0 0.35963541666666665 0.30694444444444446 0.009895833333333333 0.30277777777777776
0 0.19557291666666668 0.09675925925925925 0.016145833333333335 0.15092592592592594
1 0.6520833333333333 0.4074074074074074 0.03958333333333333 0.08148148148148149
8 0.6015625 0.4305555555555556 0.016666666666666666 0.02962962962962963
2 0.36692708333333335 0.4564814814814815 0.0203125 0.04259259259259259
