2 0.17057291666666666 0.5509259259259259 0.0703125 0.17407407407407408
0 0.06822916666666666 0.2796296296296296 0.03229166666666667 0.4203703703703704
0 0.14270833333333333 0.21574074074074073 0.015625 0.2759259259259259
0 0.22291666666666668 0.34074074074074073 0.025 0.3851851851851852
0 0.30625 0.35 0.013541666666666667 0.17037037037037037
0 0.3341145833333333 0.27037037037037037 0.024479166666666666 0.5037037037037037
0 0.365625 0.33796296296296297 0.01875 0.21481481481481482
0 0.49114583333333334 0.29398148148148145 0.05520833333333333 0.5231481481481481
0 0.5651041666666666 0.32916666666666666 0.013541666666666667 0.42314814814814816
0 0.6638020833333333 0.42453703703703705 0.0140625 0.2916666666666667
0 0.7127604166666667 0.300462962962963 0.028645833333333332 0.575
