7 0.3078125 0.4537037037037037 0.06145833333333333 0.07222222222222222
2 0.6052083333333333 0.4412037037037037 0.03958333333333333 0.12129629629629629
0 0.30755208333333334 0.31203703703703706 0.011979166666666667 0.17962962962962964
0 0.3424479166666667 0.33796296296296297 0.013020833333333334 0.13518518518518519
0 0.4830729166666667 0.274537037037037 0.0171875 0.2175925925925926
0 0.54453125 0.23472222222222222 0.0140625 0.1787037037037037
0 0.73046875 0.2050925925925926 0.024479166666666666 0.3824074074074074
0 0.77890625 0.22268518518518518 0.030729166666666665 0.4027777777777778
0 0.8205729166666667 0.18518518518518517 0.016145833333333335 0.15
2 0.44375 0.41064814814814815 0.0125 0.026851851851851852
2 0.7934895833333333 0.4125 0.0234375 0.05277777777777778
2 0.9708333333333333 0.6611111111111111 0.057291666666666664 0.35
