7 0.8736979166666666 0.750462962962963 0.058854166666666666 0.09166666666666666
2 0.6822916666666666 0.7060185185185185 0.03958333333333333 0.08796296296296297
2 0.50546875 0.4300925925925926 0.015104166666666667 0.04537037037037037
2 0.2921875 0.37962962962962965 0.015625 0.040740740740740744
2 0.15104166666666666 0.2814814814814815 0.0125 0.027777777777777776
2 0.11328125 0.3476851851851852 0.011979166666666667 0.026851851851851852
2 0.40729166666666666 0.49212962962962964 0.020833333333333332 0.03611111111111111
0 0.23958333333333334 0.2490740740740741 0.026041666666666668 0.2851851851851852
0 0.3450520833333333 0.2875 0.028645833333333332 0.4287037037037037
0 0.44557291666666665 0.2796296296296296 0.0140625 0.18518518518518517
0 0.5286458333333334 0.25277777777777777 0.03125 0.47962962962962963
0 0.8153645833333333 0.48564814814814816 0.04635416666666667 0.8157407407407408
0 0.8721354166666667 0.5148148148148148 0.034895833333333334 0.26851851851851855
