1 0.7515625 0.30092592592592593 0.036458333333333336 0.05925925925925926
1 0.6932291666666667 0.4689814814814815 0.03854166666666667 0.049074074074074076
2 0.48463541666666665 0.6125 0.021354166666666667 0.03425925925925926
2 0.33619791666666665 0.43657407407407406 0.015104166666666667 0.03796296296296296
2 0.125 0.4050925925925926 0.01875 0.03796296296296296
2 0.24791666666666667 0.4949074074074074 0.020833333333333332 0.028703703703703703
0 0.8213541666666667 0.2351851851851852 0.034375 0.3537037037037037
0 0.70234375 0.25462962962962965 0.030729166666666665 0.3537037037037037
0 0.6291666666666667 0.40324074074074073 0.022916666666666665 0.3453703703703704
0 0.5645833333333333 0.3337962962962963 0.027083333333333334 0.625
0 0.353125 0.29305555555555557 0.016666666666666666 0.3787037037037037
0 0.18802083333333333 0.2967592592592593 0.03125 0.3990740740740741
7 0.6151041666666667 0.6328703703703704 0.03854166666666667 0.058333333333333334
