0 0.8893229166666666 0.3972222222222222 0.08489583333333334 0.7722222222222223
2 0.8244791666666667 0.5777777777777777 0.03958333333333333 0.08703703703703704
2 0.7375 0.4810185185185185 0.029166666666666667 0.0712962962962963
2 0.515625 0.47314814814814815 0.029166666666666667 0.046296296296296294
7 0.23671875 0.5199074074074074 0.0421875 0.058333333333333334
0 0.57578125 0.20277777777777778 0.0171875 0.2074074074074074
0 0.44921875 0.23981481481481481 0.0328125 0.4648148148148148
0 0.4239583333333333 0.3527777777777778 0.015625 0.2111111111111111
0 0.2747395833333333 0.28055555555555556 0.0234375 0.32407407407407407
0 0.21875 0.23425925925925925 0.021875 0.14814814814814814
0 0.05572916666666667 0.2962962962962963 0.023958333333333335 0.1574074074074074
