2 0.94296875 0.6939814814814815 0.06822916666666666 0.13425925925925927
2 0.9140625 0.5041666666666667 0.034375 0.075
2 0.84140625 0.4513888888888889 0.025520833333333333 0.05648148148148148
2 0.7203125 0.33611111111111114 0.017708333333333333 0.03518518518518519
1 0.6856770833333333 0.32175925925925924 0.0328125 0.04722222222222222
1 0.63359375 0.35324074074074074 0.016145833333333335 0.026851851851851852
1 0.13619791666666667 0.36435185185185187 0.07552083333333333 0.10277777777777777
0 0.13411458333333334 0.17685185185185184 0.022395833333333334 0.18888888888888888
0 0.27265625 0.1814814814814815 0.018229166666666668 0.31296296296296294
1 0.26119791666666664 0.3476851851851852 0.024479166666666666 0.04537037037037037
0 0.3307291666666667 0.15648148148148147 0.026041666666666668 0.30925925925925923
0 0.459375 0.23333333333333334 0.06875 0.46111111111111114
0 0.5286458333333334 0.1736111111111111 0.016666666666666666 0.3138888888888889
0 0.6291666666666667 0.18101851851851852 0.01875 0.3398148148148148
0 0.7828125 0.18981481481481483 0.01875 0.3296296296296296
0 0.8856770833333333 0.3050925925925926 0.019270833333333334 0.1398148148148148
2 0.55078125 0.39814814814814814 0.024479166666666666 0.03888888888888889
