0 0.6817708333333333 0.2412037037037037 0.03229166666666667 0.46574074074074073
0 0.5994791666666667 0.2023148148148148 0.009375 0.2861111111111111
0 0.5106770833333333 0.2064814814814815 0.016145833333333335 0.15925925925925927
0 0.40520833333333334 0.23981481481481481 0.013541666666666667 0.3611111111111111
0 0.34609375 0.25833333333333336 0.0171875 0.1685185185185185
0 0.32760416666666664 0.24814814814814815 0.011458333333333333 0.08888888888888889
0 0.20625 0.4046296296296296 0.036458333333333336 0.48703703703703705
0 0.0765625 0.5939814814814814 0.06979166666666667 0.7101851851851851
1 0.62421875 0.49537037037037035 0.030729166666666665 0.04814814814814815
1 0.64765625 0.4060185185185185 0.019270833333333334 0.041666666666666664
2 0.23203125 0.5921296296296297 0.0171875 0.049074074074074076
7 0.21640625 0.7425925925925926 0.04114583333333333 0.06296296296296296
7 0.31536458333333334 0.5064814814814815 0.024479166666666666 0.037037037037037035
7 0.4549479166666667 0.4425925925925926 0.013020833333333334 0.03148148148148148
7 0.6057291666666667 0.5050925925925925 0.015625 0.04537037037037037
